10 1 18191567
10 2 13509520
10 3 14154608
10 4 15440286
10 5 17530657
10 6 18731266
10 7 19846148
10 8 16623844
10 9 12550818
11 1 15802902
11 10 12806583
11 2 14440873
11 3 16762705
11 4 18899923
11 5 20723840
11 6 21966047
11 7 22787101
11 8 20531855
11 9 17441285
12 1 15864139
12 10 17483382
12 11 13291613
12 2 16514384
12 3 19266060
12 4 20667762
12 5 22291203
12 6 23294966
12 7 24609322
12 8 22428670
12 9 20588414
13 1 18216465
13 10 24181924
13 11 20380025
13 12 15368642
13 2 22391904
13 3 24863854
13 4 26181172
13 5 27521029
13 6 28952040
13 7 29941790
13 8 28222412
13 9 26216138
14 1 45591933
14 10 48709752
14 11 47882517
14 12 47304664
14 13 45354238
14 2 47671530
14 3 48881404
14 4 49694968
14 5 50409531
14 6 51746516
14 7 52554544
14 8 50961138
14 9 49162050
15 1 39964423
15 10 41967312
15 11 41628011
15 12 40862682
15 13 39981158
15 14 15366334
15 2 41042990
15 3 41983820
15 4 42519518
15 5 43392861
15 6 44735150
15 7 45640620
15 8 43828724
15 9 42407978
16 1 40752052
16 10 42623133
16 11 42382970
16 12 41686521
16 13 40876191
16 14 19191425
16 15 12722917
16 2 41818723
16 3 42685413
16 4 43171285
16 5 44041702
16 6 45431979
16 7 46227099
16 8 44493709
16 9 43081363
17 1 39438575
17 10 40806488
17 11 40677017
17 12 40010598
17 13 39289200
17 14 21725070
17 15 16548778
17 16 12940749
17 2 40231348
17 3 40875172
17 4 41157510
17 5 41941081
17 6 43335604
17 7 44026218
17 8 42348796
17 9 41090262
18 1 41510508
18 10 43200927
18 11 42816314
18 12 42330193
18 13 40950759
18 14 22668131
18 15 19424361
18 16 17365702
18 17 12499685
18 2 42616363
18 3 43292729
18 4 43618297
18 5 44270468
18 6 45726167
18 7 46278967
18 8 44758519
18 9 43386005
19 1 40159728
19 10 41575291
19 11 41205424
19 12 40763655
19 13 39476395
19 14 25314173
19 15 21343057
19 16 20118508
19 17 16662979
19 18 13336216
19 2 40994519
19 3 41604151
19 4 41920083
19 5 42570150
19 6 44090355
19 7 44586095
19 8 43049365
19 9 41773663
2 1 15630173
20 1 41363780
20 10 43136161
20 11 42523516
20 12 42116493
20 13 40758795
20 14 27045765
20 15 24071793
20 16 23208714
20 17 20795171
20 18 18849976
20 19 14453612
20 2 42430403
20 3 42856551
20 4 43387999
20 5 44044462
20 6 45601731
20 7 46193449
20 8 44682237
20 9 43229691
21 1 40108460
21 10 41895513
21 11 41229734
21 12 41148383
21 13 39974415
21 14 28264295
21 15 25367931
21 16 25086070
21 17 23279109
21 18 22323796
21 19 19577928
21 2 41096605
21 20 14806812
21 3 41578885
21 4 42150927
21 5 42854046
21 6 44437239
21 7 45064815
21 8 43526207
21 9 41938299
22 1 41663238
22 10 43938725
22 11 43122288
22 12 43055911
22 13 41593189
22 14 29488537
22 15 27012525
22 16 26698466
22 17 25704779
22 18 24930194
22 19 23516184
22 2 43143973
22 20 21085522
22 21 15779880
22 3 43800521
22 4 44392927
22 5 44991510
22 6 46370687
22 7 46788415
22 8 45555027
22 9 44062725
23 1 41081898
23 10 42975501
23 11 42324958
23 12 42085869
23 13 40929943
23 14 31435969
23 15 27973829
23 16 27880382
23 17 26922317
23 18 26670126
23 19 25025596
23 2 42314051
23 20 23898862
23 21 20810156
23 22 14905474
23 3 42835869
23 4 43236707
23 5 43851082
23 6 45156625
23 7 45559617
23 8 44330413
23 9 42979621
24 1 42668142
24 10 44678201
24 11 43932256
24 12 43805967
24 13 42416107
24 14 31796987
24 15 29118839
24 16 29279228
24 17 28651971
24 18 28294002
24 19 27034178
24 2 44107213
24 20 26087794
24 21 23670734
24 22 19843574
24 23 14920940
24 3 44545427
24 4 45054113
24 5 45502762
24 6 46852127
24 7 47206437
24 8 46044117
24 9 44561595
25 1 41504266
25 10 43387537
25 11 42594620
25 12 42331477
25 13 41172725
25 14 32759975
25 15 29492207
25 16 29736416
25 17 29186301
25 18 29120500
25 19 27944386
25 2 42747473
25 20 27351602
25 21 24958164
25 22 22870152
25 23 19727948
25 24 14648232
25 3 43114447
25 4 43575957
25 5 44005230
25 6 45418953
25 7 45797019
25 8 44545631
25 9 43181967
26 1 44065018
26 10 46087619
26 11 45300388
26 12 45055723
26 13 43647535
26 14 33150111
26 15 30996993
26 16 31374474
26 17 31180739
26 18 31031820
26 19 29971846
26 2 45612795
26 20 29189078
26 21 27013480
26 22 25229998
26 23 23277054
26 24 19993116
26 25 14400364
26 3 45872779
26 4 46322195
26 5 46744384
26 6 48226305
26 7 48623221
26 8 47302967
26 9 45940651
27 1 43602094
27 10 45160927
27 11 44564126
27 12 44271083
27 13 43158125
27 14 34104147
27 15 31661071
27 16 32098116
27 17 31822743
27 18 32051940
27 19 30787166
27 2 44816117
27 20 30368104
27 21 28179232
27 22 27029740
27 23 25654212
27 24 23291566
27 25 19412370
27 26 14633752
27 3 44953639
27 4 45345993
27 5 45720376
27 6 47162917
27 7 47689923
27 8 46266307
27 9 44958693
28 1 45595658
28 10 46940589
28 11 46119682
28 12 45944481
28 13 44869201
28 14 34985899
28 15 33198417
28 16 33746834
28 17 33529323
28 18 33582246
28 19 32439916
28 2 46629761
28 20 32133572
28 21 30002296
28 22 28970190
28 23 28207766
28 24 26452194
28 25 23317500
28 26 20107042
28 27 14762526
28 3 46841827
28 4 47272929
28 5 47673326
28 6 48990765
28 7 49534561
28 8 48153627
28 9 46861211
29 1 44591714
29 10 45575909
29 11 44676996
29 12 44335233
29 13 43664959
29 14 36162919
29 15 34046723
29 16 34698864
29 17 33995445
29 18 34089026
29 19 32842830
29 2 45172099
29 20 32694948
29 21 30700694
29 22 30176196
29 23 29503672
29 24 28419098
29 25 25571914
29 26 23769704
29 27 20413128
29 28 15695346
29 3 45417417
29 4 45838771
29 5 46254170
29 6 47407937
29 7 47999209
29 8 46657495
29 9 45570835
3 1 20542051
3 2 13084166
30 1 46906664
30 10 48023189
30 11 47071320
30 12 46828969
30 13 46117525
30 14 37120567
30 15 35652369
30 16 36429500
30 17 35909033
30 18 35670606
30 19 34577146
30 2 47674633
30 20 34042708
30 21 32324006
30 22 31806458
30 23 31761400
30 24 30716434
30 25 28662696
30 26 27179734
30 27 24986490
30 28 22455794
30 29 16594282
30 3 47854501
30 4 48370859
30 5 48702570
30 6 49726877
30 7 50376289
30 8 49048661
30 9 47971789
31 1 46809274
31 10 47754953
31 11 47013958
31 12 46688933
31 13 46169965
31 14 37504701
31 15 35711599
31 16 36438844
31 17 35868035
31 18 36171008
31 19 34919140
31 2 47497339
31 20 34028354
31 21 32249420
31 22 32397902
31 23 32469544
31 24 31927578
31 25 30341124
31 26 29328490
31 27 27631920
31 28 26649260
31 29 23191530
31 3 47652597
31 30 17294570
31 4 48095661
31 5 48355166
31 6 49350217
31 7 50076461
31 8 48661719
31 9 47647303
32 1 49809255
32 10 50602900
32 11 50020829
32 12 49763090
32 13 49220520
32 14 38788650
32 15 37767300
32 16 38439907
32 17 37977614
32 18 38197551
32 19 37022235
32 2 50317678
32 20 35875417
32 21 34233777
32 22 34338089
32 23 34572479
32 24 34214729
32 25 33133425
32 26 32560897
32 27 31538253
32 28 30734549
32 29 28629951
32 3 50623408
32 30 24744277
32 31 17408713
32 4 51014610
32 5 51225463
32 6 52126642
32 7 52877358
32 8 51447640
32 9 50497726
33 1 53389993
33 10 54123634
33 11 53602551
33 12 53335036
33 13 52907346
33 14 40166928
33 15 39836776
33 16 40611551
33 17 40546740
33 18 40426887
33 19 39665735
33 2 53811804
33 20 38659475
33 21 36948207
33 22 36906143
33 23 37293071
33 24 37237739
33 25 36701791
33 26 36202525
33 27 35721101
33 28 34981107
33 29 33673931
33 3 54311402
33 30 31040401
33 31 25903545
33 32 18195866
33 4 54684160
33 5 54903433
33 6 55665064
33 7 56481794
33 8 55032482
33 9 54173598
4 1 22840421
4 2 16394674
4 3 11132736
5 1 24609566
5 2 18808213
5 3 14478131
5 4 10703077
6 1 26079157
6 2 20021496
6 3 16285390
6 4 13343504
6 5 10211983
7 1 27151013
7 2 21399094
7 3 16952152
7 4 14567544
7 5 12290477
7 6 10560342
8 1 24812103
8 2 18549348
8 3 14492368
8 4 12678874
8 5 11921313
8 6 12300478
8 7 11561650
9 1 21684013
9 2 15761692
9 3 13422708
9 4 13143864
9 5 13947251
9 6 15213732
9 7 15408808
9 8 11488768
