10 1 256740
10 2 256232
10 3 256314
10 4 256262
10 5 256575
10 6 256587
10 7 256989
10 8 256486
10 9 256219
11 1 256378
11 10 256241
11 2 256267
11 3 256264
11 4 256553
11 5 256696
11 6 257059
11 7 257090
11 8 256775
11 9 256386
12 1 256426
12 10 256339
12 11 256057
12 2 256187
12 3 256372
12 4 256562
12 5 256785
12 6 257080
12 7 257059
12 8 256806
12 9 256645
13 1 256130
13 10 256856
13 11 256655
13 12 256282
13 2 256664
13 3 256744
13 4 257039
13 5 256998
13 6 257266
13 7 257263
13 8 257193
13 9 256972
14 1 257055
14 10 257076
14 11 257041
14 12 257038
14 13 256932
14 2 257086
14 3 257341
14 4 257391
14 5 257401
14 6 257588
14 7 257424
14 8 257317
14 9 257237
15 1 256760
15 10 256970
15 11 256902
15 12 256884
15 13 256850
15 14 196108
15 2 256940
15 3 257256
15 4 257143
15 5 257312
15 6 257381
15 7 257329
15 8 257222
15 9 257105
16 1 256866
16 10 257050
16 11 256995
16 12 256945
16 13 256883
16 14 196330
16 15 195765
16 2 256960
16 3 257191
16 4 257245
16 5 257361
16 6 257388
16 7 257315
16 8 257258
16 9 257191
17 1 256919
17 10 257059
17 11 256932
17 12 256894
17 13 256880
17 14 196491
17 15 196056
17 16 195926
17 2 257025
17 3 257282
17 4 257246
17 5 257318
17 6 257466
17 7 257354
17 8 257381
17 9 257196
18 1 256945
18 10 257054
18 11 257009
18 12 257041
18 13 256901
18 14 196584
18 15 196318
18 16 196220
18 17 196020
18 2 257095
18 3 257305
18 4 257330
18 5 257364
18 6 257582
18 7 257409
18 8 257372
18 9 257256
19 1 256891
19 10 257084
19 11 256995
19 12 256976
19 13 256836
19 14 196735
19 15 196415
19 16 196385
19 17 196280
19 18 196154
19 2 257045
19 3 257319
19 4 257314
19 5 257375
19 6 257570
19 7 257334
19 8 257378
19 9 257155
2 1 256441
20 1 256951
20 10 257077
20 11 256976
20 12 256934
20 13 256871
20 14 196694
20 15 196533
20 16 196411
20 17 196413
20 18 196280
20 19 196215
20 2 257075
20 3 257329
20 4 257312
20 5 257359
20 6 257502
20 7 257453
20 8 257329
20 9 257263
21 1 256915
21 10 257106
21 11 257047
21 12 256989
21 13 256918
21 14 196792
21 15 196583
21 16 196556
21 17 196402
21 18 196459
21 19 196328
21 2 257088
21 20 196160
21 3 257356
21 4 257344
21 5 257409
21 6 257506
21 7 257362
21 8 257397
21 9 257218
22 1 256956
22 10 257079
22 11 257032
22 12 257044
22 13 256924
22 14 196727
22 15 196528
22 16 196595
22 17 196492
22 18 196495
22 19 196444
22 2 257113
22 20 196421
22 21 196267
22 3 257356
22 4 257284
22 5 257455
22 6 257506
22 7 257413
22 8 257396
22 9 257252
23 1 256932
23 10 257110
23 11 257058
23 12 256998
23 13 256848
23 14 196892
23 15 196569
23 16 196584
23 17 196569
23 18 196536
23 19 196420
23 2 257096
23 20 196401
23 21 196278
23 22 196214
23 3 257445
23 4 257384
23 5 257433
23 6 257600
23 7 257411
23 8 257357
23 9 257216
24 1 256944
24 10 257045
24 11 257116
24 12 257013
24 13 256982
24 14 196794
24 15 196468
24 16 196601
24 17 196560
24 18 196487
24 19 196516
24 2 257095
24 20 196392
24 21 196407
24 22 196326
24 23 196125
24 3 257372
24 4 257313
24 5 257441
24 6 257535
24 7 257490
24 8 257373
24 9 257278
25 1 256974
25 10 257021
25 11 257058
25 12 257081
25 13 256878
25 14 196813
25 15 196541
25 16 196619
25 17 196617
25 18 196518
25 19 196451
25 2 257090
25 20 196437
25 21 196485
25 22 196335
25 23 196204
25 24 196024
25 3 257421
25 4 257363
25 5 257423
25 6 257516
25 7 257443
25 8 257392
25 9 257274
26 1 256951
26 10 257126
26 11 257059
26 12 257016
26 13 256885
26 14 196678
26 15 196574
26 16 196529
26 17 196416
26 18 196487
26 19 196489
26 2 257107
26 20 196472
26 21 196508
26 22 196427
26 23 196334
26 24 196248
26 25 195982
26 3 257394
26 4 257338
26 5 257470
26 6 257576
26 7 257490
26 8 257407
26 9 257277
27 1 256907
27 10 257119
27 11 257033
27 12 256886
27 13 256900
27 14 196642
27 15 196421
27 16 196407
27 17 196397
27 18 196505
27 19 196460
27 2 257067
27 20 196478
27 21 196425
27 22 196430
27 23 196366
27 24 196283
27 25 196086
27 26 195830
27 3 257299
27 4 257267
27 5 257437
27 6 257485
27 7 257467
27 8 257344
27 9 257238
28 1 256961
28 10 257094
28 11 257035
28 12 257011
28 13 256937
28 14 196510
28 15 196325
28 16 196457
28 17 196396
28 18 196561
28 19 196473
28 2 257101
28 20 196543
28 21 196501
28 22 196454
28 23 196415
28 24 196296
28 25 196269
28 26 196032
28 27 195791
28 3 257355
28 4 257277
28 5 257379
28 6 257569
28 7 257396
28 8 257392
28 9 257256
29 1 256914
29 10 257026
29 11 256930
29 12 256894
29 13 256925
29 14 196495
29 15 196431
29 16 196538
29 17 196435
29 18 196537
29 19 196495
29 2 257062
29 20 196586
29 21 196507
29 22 196608
29 23 196488
29 24 196425
29 25 196385
29 26 196163
29 27 196014
29 28 195758
29 3 257278
29 4 257258
29 5 257417
29 6 257487
29 7 257335
29 8 257389
29 9 257147
3 1 256743
3 2 256194
30 1 256921
30 10 257064
30 11 257019
30 12 257007
30 13 256912
30 14 196453
30 15 196333
30 16 196484
30 17 196521
30 18 196574
30 19 196611
30 2 257123
30 20 196605
30 21 196628
30 22 196559
30 23 196562
30 24 196433
30 25 196324
30 26 196275
30 27 196108
30 28 195941
30 29 195661
30 3 257356
30 4 257269
30 5 257444
30 6 257513
30 7 257448
30 8 257374
30 9 257290
31 1 256950
31 10 257044
31 11 257004
31 12 256947
31 13 256847
31 14 196387
31 15 196349
31 16 196461
31 17 196469
31 18 196632
31 19 196504
31 2 256999
31 20 196563
31 21 196589
31 22 196590
31 23 196524
31 24 196470
31 25 196452
31 26 196184
31 27 196085
31 28 195972
31 29 195804
31 3 257330
31 30 195472
31 4 257257
31 5 257375
31 6 257499
31 7 257423
31 8 257404
31 9 257255
32 1 256945
32 10 257086
32 11 257011
32 12 256852
32 13 256894
32 14 196345
32 15 196388
32 16 196465
32 17 196511
32 18 196648
32 19 196598
32 2 257020
32 20 196655
32 21 196563
32 22 196575
32 23 196569
32 24 196475
32 25 196459
32 26 196337
32 27 196140
32 28 196024
32 29 195815
32 3 257344
32 30 195709
32 31 195269
32 4 257300
32 5 257360
32 6 257511
32 7 257436
32 8 257346
32 9 257173
33 1 256936
33 10 257019
33 11 257002
33 12 256967
33 13 256919
33 14 196299
33 15 196354
33 16 196492
33 17 196558
33 18 196672
33 19 196686
33 2 257005
33 20 196731
33 21 196765
33 22 196680
33 23 196655
33 24 196535
33 25 196475
33 26 196357
33 27 196347
33 28 196150
33 29 195990
33 3 257275
33 30 195685
33 31 195564
33 32 195340
33 4 257283
33 5 257423
33 6 257517
33 7 257378
33 8 257431
33 9 257291
4 1 256983
4 2 256449
4 3 256022
5 1 257093
5 2 256742
5 3 256450
5 4 256144
6 1 257223
6 2 256882
6 3 256704
6 4 256491
6 5 256139
7 1 257251
7 2 257014
7 3 256866
7 4 256589
7 5 256263
7 6 256197
8 1 257039
8 2 256689
8 3 256544
8 4 256169
8 5 256169
8 6 256152
8 7 256390
9 1 256753
9 2 256560
9 3 256329
9 4 256177
9 5 256310
9 6 256573
9 7 256584
9 8 256152
